datum_lat  = -22.933349949492882
datum_lon  = -43.136666653833366
lat_north = -22.86666670588858
lat_south = -22.999999999890726
lon_east  = -43.04000000766674
lon_west  = -43.233333299999984 


